A_err: 3.449718031348507e-06
A_fit: 0.2586904321328204
a_err: 8.510736394985514e-05
a_fit: 0.8006003133031648
alpha_err: 0.00017132962337423904
alpha_fit: 3.234635153881057
b_err: 0.0003583071390638256
b_fit: 2.423192751142509
r0_err: 0.00020610241930288652
r0_fit: 3.931761257147998
