A_err: 4.1713271074682444e-06
A_fit: 0.259613918138398
a_err: 0.0012031814875051844
a_fit: 2.6253743811624064
alpha_err: 0.00035041931316492653
alpha_fit: 3.041741335428545
b_err: 0.003471648017056101
b_fit: 2.3506332512502754
r0_err: 0.0012376331299039278
r0_fit: 4.61652237964006
