A_err: 0.01816332570930969
A_fit: 0.19070820214391737
a_err: 0.0029069617264318873
a_fit: 0.046436565346534946
alpha_err: 9.827253852197198e-06
alpha_fit: 11.863869528006358
b_err: 0.09523627353393753
b_fit: 2.5973375056950614
r0_err: 0.00335344700132127
r0_fit: 0.053565618499883186
